95,4
95,3
95,2
95,1
4294967294,1420
4294967294,1418
94,6
94,5
94,4
94,3
94,2
94,1
4294967278,388
93,5
93,4
93,3
93,2
93,1
92,5
92,4
92,3
92,2
92,1
91,5
91,4
91,3
91,2
91,1
90,4
90,3
90,2
90,1
4294967279,326
89,4
89,3
89,2
89,1
88,6
88,5
88,4
88,3
88,2
88,1
4294967279,325
87,5
87,4
87,3
87,2
87,1
4294967278,387
4294967278,386
86,5
86,4
86,3
86,2
86,1
85,5
85,4
85,3
85,2
85,1
84,4
84,3
84,2
84,1
4294967279,324
83,4
83,3
83,2
83,1
82,6
82,5
82,4
82,3
82,2
82,1
81,5
81,4
81,3
81,2
81,1
80,5
80,4
80,3
80,2
80,1
79,5
79,4
79,3
79,2
79,1
78,4
78,3
78,2
78,1
77,4
77,3
77,2
77,1
4294967294,437
76,6
4294967278,385
76,5
76,4
76,3
76,2
76,1
75,5
75,4
75,3
75,2
75,1
74,5
74,4
74,3
74,2
74,1
73,5
73,4
73,3
73,2
73,1
72,4
72,3
72,2
72,1
4294967279,323
71,6
71,5
71,4
71,3
71,2
71,1
4294967294,1419
4294967278,384
4294967279,322
70,5
70,4
70,3
70,2
70,1
69,5
69,4
69,3
69,2
69,1
4294967279,321
68,5
68,4
68,3
68,2
68,1
4294967279,320
4294967279,575
4294967294,973
67,6
4294967294,473
67,5
67,4
67,3
67,2
67,1
66,5
66,4
66,3
66,2
66,1
4294967279,574
65,5
65,4
65,3
65,2
65,1
64,5
64,4
64,3
64,2
64,1
4294967279,573
63,4
63,3
63,2
63,1
62,4
62,3
62,2
62,1
4294967294,1417
4294967278,383
61,6
61,5
61,4
61,3
61,2
61,1
4294967278,382
4294967279,572
60,5
60,4
60,3
60,2
60,1
4294967279,571
59,5
59,4
59,3
59,2
59,1
4294967279,570
58,5
58,4
58,3
58,2
58,1
57,4
57,3
57,2
57,1
4294967278,381
4294967279,569
4294967279,568
4294967279,567
4294967278,380
56,4
56,3
56,2
56,1
4294967278,379
4294967279,566
4294967279,565
4294967278,378
4294967279,564
55,4
55,3
55,2
55,1
54,6
54,5
54,4
54,3
54,2
54,1
4294967278,377
53,5
53,4
53,3
53,2
53,1
4294967279,563
52,5
52,4
52,3
52,2
52,1
51,5
51,4
51,3
51,2
51,1
50,4
50,3
50,2
50,1
4294967278,376
49,4
49,3
49,2
49,1
4294967278,375
48,6
4294967279,562
48,5
4294967278,374
48,4
48,3
48,2
48,1
4294967278,373
4294967279,561
4294967278,372
47,5
47,4
47,3
47,2
47,1
46,5
46,4
46,3
46,2
46,1
4294967278,371
45,5
45,4
45,3
45,2
45,1
44,4
44,3
44,2
44,1
43,4
43,3
43,2
43,1
4294967278,370
4294967279,560
4294967278,369
42,6
4294967279,559
42,5
42,4
42,3
42,2
42,1
4294967278,368
4294967278,367
41,5
41,4
41,3
41,2
41,1
4294967279,558
4294967279,557
4294967279,556
40,5
40,4
40,3
40,2
40,1
4294967278,366
39,5
39,4
39,3
39,2
39,1
38,4
38,3
38,2
38,1
4294967279,555
4294967278,365
4294967278,364
4294967279,554
4294967278,363
4294967278,362
37,6
4294967279,553
37,5
37,4
37,3
37,2
37,1
4294967278,361
36,5
36,4
36,3
36,2
36,1
4294967279,552
4294967279,551
4294967279,550
35,5
35,4
35,3
35,2
35,1
4294967278,360
34,5
34,4
34,3
34,2
34,1
33,4
33,3
33,2
33,1
4294967278,359
4294967279,549
4294967279,548
4294967278,358
32,6
4294967279,547
4294967278,357
32,5
4294967279,546
32,4
32,3
32,2
32,1
4294967278,356
4294967279,545
31,5
31,4
31,3
31,2
31,1
4294967279,544
30,5
30,4
30,3
30,2
30,1
29,5
29,4
29,3
29,2
29,1
28,4
28,3
28,2
28,1
4294967279,543
4294967279,542
4294967278,355
4294967279,541
4294967279,540
4294967278,354
4294967279,539
4294967279,538
4294967278,353
4294967278,352
27,6
4294967279,537
27,5
27,4
27,3
27,2
27,1
4294967278,351
4294967278,350
26,5
26,4
26,3
26,2
26,1
4294967279,536
4294967278,349
4294967279,535
4294967279,534
25,5
25,4
25,3
25,2
25,1
4294967278,348
4294967278,347
4294967278,346
4294967278,345
24,5
24,4
24,3
24,2
24,1
23,4
23,3
23,2
23,1
4294967278,344
4294967279,533
4294967278,343
4294967278,342
4294967279,532
4294967279,531
4294967278,341
4294967279,530
4294967278,340
22,6
4294967279,529
4294967279,528
22,5
22,4
22,3
22,2
22,1
4294967278,339
4294967279,527
4294967278,338
21,5
21,4
21,3
21,2
21,1
4294967279,526
4294967278,337
4294967279,525
4294967279,524
20,5
20,4
20,3
20,2
20,1
4294967279,523
4294967278,336
4294967278,335
19,5
19,4
19,3
